0
0 
5
0 128.15976589401052
1 128.15976589401052
2 5.7958173815943175
3 33.45445081791807
4 18.46429041953283
-------------------------------------------------
0 
0 
5
0 128.15976589401052
1 128.15976589401052
2 5.7958173815943175
3 33.45445081791807
4 18.46429041953283
-------------------------------------------------
0 
0 
5
0 128.15976589401052
1 128.15976589401052
2 5.7958173815943175
3 33.45445081791807
4 18.46429041953283
------------------------------------------------- 

0 
0 
5
0 128.15976589401052
1 128.15976589401052
2 5.7958173815943175
3 33.45445081791807
4 18.46429041953283
-------------------------------------------------

0 
0 
5
0 128.15976589401052
1 128.15976589401052
2 5.7958173815943175
3 33.45445081791807
4 18.46429041953283
-------------------------------------------------
